11.779999732971191
15.4399995803833
16.280000686645508
16.059999465942383
13.84000015258789
14.4399995803833
16.34000015258789
18.0
18.440000534057617
16.90999984741211
18.530000686645508
18.700000762939453
18.739999771118164
18.799999237060547
18.889999389648438
18.93000030517578
19.260000228881836
20.40999984741211
22.670000076293945
23.219999313354492
23.899999618530273
25.049999237060547
25.729999542236328
26.190000534057617
27.059999465942383
28.299999237060547
29.100000381469727
28.43000030517578
29.010000228881836
29.399999618530273
31.34000015258789
32.02000045776367
34.77000045776367
35.16999816894531
36.79999923706055
36.75
37.79999923706055
39.939998626708984
41.400001525878906
41.459999084472656
41.16999816894531
41.79999923706055
42.709999084472656
44.41999816894531
44.029998779296875
44.810001373291016
43.849998474121094
44.41999816894531
45.38999938964844
44.31999969482422
44.02000045776367
44.869998931884766
46.5
46.7400016784668
46.310001373291016
46.349998474121094
46.86000061035156
47.619998931884766
47.7400016784668
47.709999084472656
46.560001373291016
47.540000915527344
47.7400016784668
47.75
47.93000030517578
48.220001220703125
47.470001220703125
47.630001068115234
47.630001068115234
48.52000045776367
48.43000030517578
47.77000045776367
48.599998474121094
48.650001525878906
48.880001068115234
49.0099983215332
49.41999816894531
48.959999084472656
48.97999954223633
48.56999969482422
49.52000045776367
49.77000045776367
50.33000183105469
49.43000030517578
49.349998474121094
50.310001373291016
50.02000045776367
49.90999984741211
50.150001525878906
49.939998626708984
50.720001220703125
50.58000183105469
50.5
50.45000076293945
50.40999984741211
50.83000183105469
51.0099983215332
51.13999938964844
50.88999938964844
50.93000030517578
