11.90999984741211
13.829999923706055
16.670000076293945
20.15999984741211
24.850000381469727
31.450000762939453
37.43000030517578
42.849998474121094
46.84000015258789
50.0099983215332
52.15999984741211
53.439998626708984
54.08000183105469
54.470001220703125
54.84000015258789
54.7599983215332
55.040000915527344
55.220001220703125
55.83000183105469
56.66999816894531
57.77000045776367
59.189998626708984
60.540000915527344
61.84000015258789
63.560001373291016
65.52999877929688
66.87000274658203
68.73999786376953
69.69999694824219
71.44999694824219
72.29000091552734
74.06999969482422
74.9000015258789
75.9800033569336
76.54000091552734
77.97000122070312
78.26000213623047
79.75
79.33999633789062
80.56999969482422
77.44000244140625
76.69000244140625
77.44999694824219
77.41000366210938
78.75
83.69000244140625
83.05000305175781
84.77999877929688
84.05999755859375
84.9800033569336
84.47000122070312
84.98999786376953
84.72000122070312
84.91999816894531
85.02999877929688
85.2300033569336
85.7300033569336
85.98999786376953
86.48999786376953
86.54000091552734
87.13999938964844
87.11000061035156
87.38999938964844
87.33999633789062
87.91999816894531
88.01000213623047
88.3499984741211
88.37000274658203
88.76000213623047
88.68000030517578
89.26000213623047
88.93000030517578
89.4000015258789
89.05000305175781
89.66999816894531
89.30999755859375
89.73999786376953
89.44000244140625
89.9000015258789
89.48999786376953
89.87000274658203
89.63999938964844
90.12999725341797
89.86000061035156
90.36000061035156
90.06999969482422
90.4000015258789
90.19000244140625
90.41000366210938
90.4000015258789
90.55000305175781
90.52999877929688
90.6500015258789
90.69999694824219
90.7300033569336
90.8499984741211
90.72000122070312
90.88999938964844
90.94000244140625
91.0
